%Individual MPPT Testing

%75 Ohm
Time_75 = linspace(1,140,140);
Power_75 = [0.38608	0.38712	0.39387	0.40061	0.40892	0.41816	0.42695	0.4373	0.44732	0.4373	0.42604	0.43679	0.44403	0.45594	0.46887	0.47922	0.49082	0.50166	0.51559	0.52488	0.5414	0.55021	0.56771	0.5847	0.59644	0.61661	0.59705	0.58521	0.56771	0.5497	0.54044	0.52294	0.51405	0.52396	0.53735	0.55073	0.56771	0.5847	0.59911	0.61543	0.62654	0.65188	0.6257	0.61661	0.62742	0.64572	0.66009	0.68216	0.69564	0.72482	0.74018	0.75907	0.78714	0.80416	0.78561	0.76014	0.78357	0.80654	0.83104	0.85453	0.88322	0.90714	0.9356	0.96212	0.94176	0.90762	0.94233	0.97551	1.00132	1.03288	1.0686	1.10871	1.13752	1.19068	1.22169	1.2646	1.30335	1.35067	1.40504	1.45432	1.52282	1.55497	1.6357	1.6817	1.76156	1.81182	1.89178	1.95408	2.06052	2.10702	2.21766	2.31333	2.38779	2.51057	2.58242	2.70018	2.75747	2.85743	2.92955	3.00847	3.07849	3.07459	3.06237	3.08543	3.07328	3.08167	3.0661	3.07499	3.07328	3.08207	3.05769	3.09419	3.07248	3.09169	3.06653	3.09294	3.07768	3.08751	3.07636	3.08334	3.07808	3.0921	3.06824	3.0775	3.07368	3.08584	3.07465	3.07001	3.06653	3.08918	3.07688	3.08584	3.06781	3.06824	3.0775	3.07368	3.08584	3.07465	3.07001	3.06653];
Duty_75 = [0.01	0.03	0.04	0.05	0.06	0.07	0.08	0.09	0.08	0.07	0.08	0.09	0.1	0.11	0.12	0.13	0.14	0.15	0.16	0.17	0.18	0.19	0.2	0.21	0.22	0.21	0.2	0.19	0.18	0.17	0.16	0.15	0.16	0.17	0.18	0.19	0.2	0.21	0.22	0.23	0.24	0.23	0.22	0.23	0.24	0.25	0.26	0.27	0.28	0.29	0.3	0.31	0.32	0.31	0.3	0.31	0.32	0.33	0.34	0.35	0.36	0.37	0.38	0.37	0.36	0.37	0.38	0.39	0.4	0.41	0.42	0.43	0.44	0.45	0.46	0.47	0.48	0.49	0.5	0.51	0.52	0.53	0.54	0.55	0.56	0.57	0.58	0.59	0.6	0.61	0.62	0.63	0.64	0.65	0.66	0.67	0.68	0.69	0.7	0.71	0.72	0.71	0.72	0.73	0.72	0.71	0.72	0.73	0.72	0.71	0.72	0.73	0.72	0.71	0.72	0.73	0.72	0.71	0.72	0.73	0.72	0.71	0.72	0.73	0.72	0.71	0.72	0.71	0.72	0.73	0.72	0.71	0.72	0.72	0.73	0.72	0.71	0.72	0.71	0.72];


%120 Ohm
Time_120 = linspace(1,140,140);
Power_120 = [0.25428	0.25393	0.25861	0.26433	0.26902	0.27682	0.2815	0.28983	0.29659	0.30388	0.3122	0.31949	0.32677	0.33614	0.3429	0.35227	0.36216	0.37104	0.39491	0.41151	0.41939	0.41211	0.39543	0.3736	0.39494	0.41263	0.42449	0.435	0.42345	0.41263	0.4246	0.43396	0.44905	0.46808	0.47819	0.46808	0.45218	0.46935	0.48184	0.50025	0.51841	0.55064	0.55996	0.59101	0.60757	0.62879	0.64328	0.6645	0.68313	0.70021	0.71172	0.73081	0.75712	0.7772	0.81597	0.78286	0.769	0.78346	0.81889	0.85286	0.87911	0.93109	0.95729	0.98962	1.01403	1.0212	1.03428	1.0212	1.00328	0.99322	1.00584	1.02581	1.02171	1.0299	1.02171	1.02504	1.00431	0.98793	0.95215	0.98281	1.00738	1.01966	1.03246	1.03523	1.06586	1.10568	1.14997	1.19222	1.23917	1.29349	1.34963	1.39484	1.47965	1.52838	1.61044	1.69453	1.76014	1.85195	1.91994	2.03007	2.11602	2.22865	2.3061	2.43799	2.56519	2.66672	2.76558	2.83588	2.92355	2.9629	2.95206	2.95344	2.92619	2.95473	2.9762	2.94017	2.9762	2.96032	2.96068	2.93462	2.97208	2.97607	2.94131	2.95817	2.97332	2.94215	2.9762	2.9683	2.9655	2.95301	2.96642	2.93343	2.95862	2.96419	2.92763	2.96204	2.95821	2.95774	2.95452	2.9634];
Duty_120 = [0.01	0.03	0.04	0.05	0.06	0.07	0.08	0.09	0.1	0.11	0.12	0.13	0.14	0.15	0.16	0.17	0.18	0.19	0.2	0.21	0.2	0.19	0.18	0.19	0.2	0.21	0.22	0.21	0.2	0.21	0.22	0.23	0.24	0.25	0.24	0.23	0.24	0.25	0.26	0.27	0.28	0.29	0.3	0.31	0.32	0.33	0.34	0.35	0.36	0.37	0.38	0.39	0.4	0.41	0.4	0.39	0.4	0.41	0.42	0.43	0.44	0.45	0.46	0.47	0.48	0.49	0.48	0.47	0.46	0.47	0.48	0.49	0.48	0.49	0.48	0.47	0.46	0.45	0.46	0.47	0.48	0.49	0.5	0.51	0.52	0.53	0.54	0.55	0.56	0.57	0.58	0.59	0.6	0.61	0.62	0.63	0.64	0.65	0.66	0.67	0.68	0.69	0.7	0.71	0.72	0.73	0.74	0.75	0.76	0.77	0.76	0.75	0.76	0.77	0.78	0.77	0.76	0.77	0.78	0.77	0.76	0.75	0.76	0.77	0.78	0.77	0.76	0.77	0.76	0.77	0.78	0.77	0.76	0.75	0.76	0.77	0.76	0.77	0.76	0.77];


%0.5 Ohm
Time_0_5 = linspace(1,140,140);
Power_0_5 = [1.02985	1.01571	1.01628	1.01721	0.99409	1.00366	1.01848	1.01836	1.01686	1.01686	1.01744	1.0064	1.01779	1.01836	1.00777	1.01883	1.03102	1.01894	1.01894	1.01975	1.02241	0.99488	1.0088	1.01987	1.02218	1.02056	1.02079	1.02985	1.01571	1.01628	1.01721	0.99409	1.00366	1.01848	1.01836	1.01686	1.01686	1.01744	1.0064	1.01779	1.01836	1.00777	0.99488	1.0088	1.01987	1.02218	1.02056	1.02079	1.02985	1.01571	1.01628	1.01721	0.99409	1.00366	1.01848	1.01836	1.01686	1.01686	1.01744	1.0064	1.01779	1.01836	1.00777	1.01883	1.03102	1.01894	1.01894	1.01975	1.02241	0.99488	1.0088	1.01987	1.02218	1.02056	1.01721	0.99409	1.00366	1.01848	1.01836	1.01686	1.01686	1.01744	1.0064	1.01779	1.01836	1.00777	1.01883	1.03102	1.01894	1.01894	1.01975	1.02241	0.99488	1.0088	1.01686	1.01686	1.01744	1.0064	1.01779	1.01836	1.0064	1.01779	1.01836	1.00777	1.01883	1.03102	1.01894	1.01894	1.01975	1.02241	0.99488	1.0088	1.01779	1.01836	1.00777	1.01883	1.03102	1.01894	1.01894	1.01975	1.02241	0.99488	1.0088	1.01987	1.02218	1.01571	1.01628	1.01721	0.99409	1.00366	1.01848	1.01836	1.01686	1.01686	1.01744	1.0064	1.01779	1.01836	1.00777	1.01883];
Duty_0_5 = [0.01	0.01	0.03	0.04	0.03	0.02	0.01	0.01	0.01	0.01	0.03	0.02	0.01	0.03	0.02	0.01	0.01	0.01	0.01	0.03	0.04	0.03	0.02	0.01	0.03	0.02	0.03	0.01	0.03	0.02	0.01	0.01	0.01	0.01	0.03	0.04	0.03	0.02	0.01	0.01	0.03	0.04	0.03	0.02	0.01	0.01	0.01	0.01	0.03	0.02	0.01	0.01	0.03	0.02	0.03	0.01	0.03	0.02	0.01	0.01	0.01	0.01	0.03	0.04	0.03	0.02	0.03	0.04	0.03	0.02	0.01	0.01	0.01	0.01	0.03	0.02	0.01	0.01	0.03	0.02	0.03	0.03	0.01	0.03	0.02	0.01	0.01	0.01	0.01	0.03	0.04	0.03	0.02	0.03	0.04	0.03	0.02	0.01	0.01	0.01	0.03	0.02	0.01	0.01	0.01	0.01	0.03	0.04	0.03	0.02	0.03	0.04	0.03	0.02	0.01	0.03	0.04	0.03	0.02	0.03	0.04	0.03	0.02	0.01	0.01	0.01	0.03	0.02	0.01	0.01	0.01	0.01	0.03	0.04	0.03	0.02	0.03	0.04	0.03	0.02];

%2.2 Ohm
Time_2_2 = linspace(1,140,140);
Power_2_2 = [1.98753	1.99039	1.96802	1.99087	1.99158	1.97155	1.99254	1.99373	1.97249	1.99182	2.00768	1.99754	1.98027	1.99778	1.99492	1.99135	1.97506	1.97672	1.97131	1.99039	1.98968	1.97672	1.98051	1.96919	1.99111	1.9753	1.97411	1.9798	1.95412	1.9734	1.97246	1.9798	1.96919	1.97672	1.98051	1.96919	1.99111	1.9753	1.97411	1.9798	1.95412	1.99087	1.99158	1.97155	1.99254	1.99373	1.97249	1.99182	2.00768	1.99754	1.98027	1.99778	1.99492	1.99135	1.97506	1.97672	1.97131	1.99087	1.99158	1.97155	1.99254	1.99373	1.97249	1.99182	2.00768	1.99754	1.98027	1.99778	1.99492	1.99135	1.97506	1.97672	1.97131	1.99039	1.98968	1.97672	1.98051	1.96919	1.99111	1.9753	1.97411	1.9798	1.95412	1.9734	1.97246	1.9798	1.96919	1.97672	1.98051	1.96919	1.99111	1.99182	2.00768	1.99754	1.98027	1.99778	1.99492	1.99135	1.97506	1.97672	1.99778	1.99492	1.99135	1.97506	1.97672	1.97131	1.99087	1.99158	1.97155	1.97246	1.9798	1.96919	1.97672	1.98051	1.96919	1.99111	1.99182	2.00768	1.99754	1.98027	1.99778	1.99492	1.99135	1.99087	1.99158	1.97155	1.99254	1.99373	1.97249	1.99182	2.00768	1.99754	1.98027	1.99778	1.99492	1.99135	1.97506	1.97672	1.97131	1.99039];
Duty_2_2 = [0.01	0.03	0.02	0.01	0.03	0.02	0.01	0.03	0.02	0.01	0.01	0.01	0.01	0.01	0.01	0.01	0.01	0.03	0.02	0.01	0.01	0.01	0.03	0.02	0.01	0.01	0.01	0.03	0.02	0.01	0.01	0.03	0.02	0.01	0.03	0.02	0.01	0.01	0.01	0.01	0.01	0.01	0.01	0.01	0.03	0.02	0.01	0.01	0.01	0.03	0.02	0.01	0.01	0.01	0.03	0.02	0.01	0.01	0.03	0.02	0.01	0.03	0.02	0.01	0.01	0.01	0.01	0.01	0.01	0.03	0.02	0.01	0.01	0.01	0.03	0.02	0.01	0.01	0.01	0.03	0.02	0.01	0.01	0.03	0.02	0.01	0.03	0.02	0.01	0.01	0.02	0.01	0.03	0.02	0.01	0.01	0.01	0.01	0.01	0.01	0.03	0.02	0.01	0.01	0.01	0.03	0.02	0.01	0.01	0.01	0.03	0.02	0.01	0.03	0.02	0.01	0.01	0.01	0.03	0.02	0.01	0.01	0.03	0.02	0.01	0.03	0.02	0.01	0.03	0.02	0.01	0.01	0.03	0.02	0.01	0.03	0.02	0.01	0.01	0.02];

%10 Ohm 
Time_10 = linspace(1,140,140);
